# Created by Octave 3.2.4, Thu Apr 10 13:26:03 2014 India Standard Time <unknown@unknown>
# name: Y
# type: matrix
# rows: 1747
# columns: 1
 2
 3
 1
 1
 1
 1
 3
 1
 1
 1
 1
 3
 3
 1
 3
 1
 4
 3
 3
 4
 1
 4
 3
 1
 1
 3
 3
 1
 1
 1
 3
 1
 3
 1
 1
 1
 1
 1
 1
 1
 1
 3
 2
 1
 3
 1
 1
 1
 1
 1
 1
 1
 3
 1
 1
 1
 3
 1
 1
 1
 1
 1
 1
 1
 3
 1
 1
 1
 1
 1
 1
 1
 3
 1
 2
 1
 3
 3
 3
 1
 1
 1
 3
 1
 1
 1
 3
 1
 3
 1
 3
 1
 1
 1
 1
 3
 3
 1
 1
 3
 1
 3
 4
 3
 1
 3
 4
 1
 1
 1
 1
 3
 1
 1
 3
 2
 1
 1
 1
 1
 1
 1
 1
 1
 1
 1
 1
 3
 1
 3
 1
 1
 3
 3
 1
 3
 1
 4
 1
 3
 1
 1
 1
 3
 1
 3
 1
 1
 3
 1
 1
 1
 1
 1
 3
 1
 4
 1
 1
 3
 1
 3
 1
 1
 3
 3
 1
 1
 3
 2
 1
 2
 1
 3
 3
 1
 3
 3
 1
 2
 1
 1
 1
 1
 1
 1
 1
 1
 1
 1
 3
 3
 1
 3
 1
 1
 1
 3
 1
 3
 3
 1
 1
 4
 1
 1
 3
 3
 3
 1
 1
 1
 1
 1
 1
 1
 1
 1
 1
 1
 1
 1
 3
 3
 3
 1
 1
 3
 3
 1
 1
 1
 1
 3
 3
 3
 3
 4
 3
 2
 2
 3
 1
 3
 1
 3
 3
 1
 1
 1
 1
 1
 3
 3
 1
 1
 1
 1
 3
 1
 1
 1
 1
 1
 1
 1
 3
 1
 2
 3
 3
 3
 3
 1
 3
 1
 1
 1
 1
 1
 1
 1
 1
 3
 3
 2
 1
 1
 3
 1
 1
 1
 3
 3
 1
 3
 3
 1
 3
 3
 1
 3
 1
 4
 3
 3
 1
 3
 1
 1
 1
 1
 3
 3
 3
 1
 1
 3
 1
 3
 1
 1
 1
 4
 3
 1
 3
 4
 1
 1
 3
 3
 1
 1
 1
 3
 4
 1
 1
 1
 3
 3
 1
 1
 1
 3
 1
 3
 2
 3
 1
 4
 3
 3
 1
 3
 1
 3
 3
 4
 1
 1
 3
 1
 1
 1
 1
 1
 1
 3
 1
 3
 3
 1
 2
 1
 1
 1
 3
 1
 3
 1
 3
 1
 1
 1
 1
 3
 1
 1
 1
 1
 2
 1
 1
 1
 3
 3
 1
 1
 1
 3
 1
 1
 1
 3
 4
 1
 3
 3
 1
 3
 1
 1
 3
 3
 2
 1
 3
 1
 1
 1
 1
 1
 1
 1
 1
 1
 1
 3
 1
 1
 3
 1
 1
 3
 1
 1
 1
 1
 1
 1
 2
 1
 1
 3
 1
 1
 1
 1
 3
 1
 1
 1
 3
 1
 1
 1
 1
 1
 1
 4
 3
 3
 3
 4
 1
 1
 1
 3
 1
 1
 1
 1
 1
 3
 4
 3
 1
 1
 1
 1
 1
 3
 1
 3
 4
 1
 1
 2
 1
 3
 3
 1
 3
 1
 2
 1
 3
 1
 1
 1
 3
 3
 3
 3
 3
 1
 1
 3
 1
 3
 1
 1
 1
 3
 1
 3
 1
 1
 3
 1
 1
 3
 3
 3
 1
 3
 3
 1
 1
 3
 1
 1
 1
 3
 1
 1
 3
 1
 1
 1
 1
 1
 3
 3
 1
 1
 1
 1
 2
 3
 3
 1
 1
 1
 3
 3
 1
 3
 1
 1
 3
 1
 1
 3
 1
 1
 3
 2
 3
 3
 3
 3
 3
 3
 1
 1
 3
 1
 3
 1
 3
 1
 1
 1
 1
 3
 3
 3
 1
 1
 1
 1
 4
 1
 3
 1
 1
 1
 1
 3
 1
 1
 3
 3
 1
 3
 1
 1
 1
 1
 1
 1
 3
 3
 1
 1
 3
 3
 1
 1
 1
 3
 1
 1
 1
 1
 1
 3
 1
 1
 3
 1
 3
 1
 4
 1
 3
 1
 1
 1
 3
 3
 3
 1
 2
 1
 1
 1
 3
 4
 1
 3
 1
 3
 1
 1
 1
 1
 1
 1
 3
 1
 2
 1
 1
 1
 1
 1
 1
 1
 1
 1
 1
 1
 1
 1
 3
 1
 3
 3
 1
 1
 1
 3
 1
 3
 1
 3
 1
 1
 3
 3
 2
 1
 1
 2
 2
 1
 2
 1
 1
 1
 3
 3
 1
 1
 1
 1
 1
 2
 3
 3
 1
 1
 1
 1
 1
 1
 3
 3
 3
 3
 1
 4
 3
 1
 4
 3
 1
 1
 1
 1
 1
 1
 1
 1
 1
 2
 1
 3
 1
 1
 1
 1
 1
 3
 1
 1
 1
 1
 1
 1
 3
 1
 1
 1
 1
 4
 1
 1
 3
 3
 1
 1
 1
 3
 1
 1
 3
 1
 1
 1
 1
 1
 1
 3
 3
 1
 1
 1
 1
 3
 3
 1
 1
 1
 4
 1
 1
 4
 1
 3
 3
 3
 3
 3
 3
 1
 3
 3
 1
 1
 3
 3
 1
 1
 3
 1
 3
 1
 1
 1
 3
 1
 1
 1
 3
 3
 3
 1
 3
 3
 1
 1
 1
 1
 3
 3
 1
 1
 2
 3
 1
 1
 1
 3
 1
 1
 1
 1
 1
 3
 3
 1
 3
 1
 2
 3
 1
 3
 2
 3
 4
 1
 1
 3
 1
 3
 1
 3
 3
 1
 3
 1
 1
 1
 3
 1
 1
 3
 1
 1
 2
 1
 3
 1
 1
 3
 1
 3
 1
 1
 1
 3
 1
 3
 1
 3
 3
 3
 1
 3
 1
 3
 1
 1
 3
 1
 1
 3
 1
 3
 1
 1
 3
 3
 1
 1
 4
 3
 1
 1
 1
 1
 1
 3
 1
 1
 1
 1
 3
 1
 1
 1
 1
 1
 3
 3
 1
 3
 1
 1
 1
 1
 1
 1
 3
 1
 1
 1
 1
 1
 1
 1
 1
 3
 2
 1
 1
 1
 1
 3
 1
 4
 3
 1
 3
 3
 1
 1
 3
 3
 3
 1
 1
 3
 1
 1
 1
 1
 3
 4
 3
 3
 1
 3
 3
 1
 3
 1
 1
 1
 1
 1
 1
 1
 1
 3
 1
 3
 1
 3
 3
 2
 1
 1
 3
 1
 4
 4
 1
 3
 3
 1
 3
 1
 1
 1
 1
 3
 1
 1
 3
 4
 3
 1
 1
 3
 3
 3
 1
 3
 1
 1
 1
 1
 1
 3
 1
 1
 2
 1
 1
 3
 1
 1
 1
 1
 3
 1
 1
 1
 3
 1
 1
 1
 3
 3
 1
 3
 1
 3
 1
 1
 4
 1
 1
 3
 1
 1
 1
 1
 1
 1
 1
 1
 1
 3
 3
 1
 1
 1
 3
 4
 1
 4
 1
 3
 1
 1
 1
 1
 3
 3
 3
 3
 1
 1
 1
 1
 3
 1
 2
 1
 1
 1
 1
 3
 1
 1
 1
 1
 1
 1
 1
 1
 1
 3
 1
 1
 1
 1
 1
 1
 1
 1
 1
 3
 3
 3
 1
 1
 1
 1
 3
 1
 4
 1
 3
 3
 3
 1
 3
 2
 1
 1
 1
 3
 1
 3
 1
 3
 1
 1
 3
 1
 1
 3
 1
 1
 1
 3
 1
 3
 3
 1
 1
 1
 2
 1
 1
 3
 3
 3
 3
 1
 1
 1
 3
 1
 1
 1
 1
 1
 3
 4
 1
 1
 3
 1
 1
 1
 3
 3
 3
 1
 3
 3
 3
 1
 1
 1
 1
 1
 1
 1
 1
 1
 1
 3
 3
 3
 1
 1
 1
 1
 1
 1
 1
 3
 1
 3
 2
 1
 1
 1
 1
 1
 3
 4
 1
 1
 3
 1
 3
 3
 1
 3
 1
 1
 3
 3
 1
 1
 3
 1
 3
 3
 1
 1
 1
 1
 1
 1
 1
 1
 4
 3
 1
 1
 3
 1
 1
 3
 3
 1
 1
 3
 1
 1
 1
 1
 3
 1
 3
 1
 1
 4
 1
 3
 3
 1
 3
 1
 3
 1
 1
 1
 1
 3
 1
 3
 3
 1
 3
 1
 1
 3
 1
 1
 1
 3
 3
 3
 1
 1
 1
 3
 1
 1
 1
 3
 1
 1
 3
 3
 1
 1
 3
 3
 1
 1
 1
 1
 3
 1
 1
 3
 3
 3
 1
 1
 3
 1
 3
 3
 1
 3
 3
 3
 1
 3
 1
 4
 1
 3
 1
 1
 1
 1
 3
 1
 1
 3
 1
 1
 1
 3
 1
 1
 3
 1
 4
 1
 1
 1
 1
 1
 3
 1
 1
 1
 1
 1
 3
 1
 2
 3
 1
 3
 3
 1
 1
 3
 1
 3
 1
 1
 1
 1
 1
 3
 1
 1
 3
 1
 1
 3
 1
 1
 1
 1
 3
 2
 1
 3
 3
 3
 1
 1
 3
 1
 4
 1
 3
 1
 1
 1
 1
 1
 1
 1
 1
 3
 1
 3
 2
 1
 3
 1
 1
 1
 3
 1
 3
 1
 3
 1
 1
 1
 4
 1
 1
 1
 3
 1
 3
 3
 3
 1
 1
 1
 1
 1
 1
 3
 3
 3
 1
 1
 1
 1
 1
 1
 3
 3
 3
 1
 1
 1
 1
 4
 1
 3
 3
 1
 1
 3
 1
 1
 1
 4
 3
 3
 3
 1
 1
 3
 1
 3
 1
 3
 1
 3
 3
 3
 1
 1
 1
 3
 3
 2
 3
 3
 1
 1
 3
 3
 3
 3
 1
 1
 3
 3
 1
 3
 2
 1
 1
 1
 3
 1
 3
 1
 1
 3
 1
 3
 1
 1
 1
 1
 1
 1
 1
 1
 1
 3
 1
 3
 1
 1
 1
 1
 3
 3
 1
 1
 1
 1
 3
 1
 1
 1
 1
 1
 3
 1
 3
 3
 3
 1
 1
 3
 1
 2
 1
 1
 3
 1
 1
 3
 1
 1
 1
 1
 3
 3
 1
 3
 3
 1
 1
 1
 3
 3
 1
 1
 1
 1
 1
 3
 3
 1
 3
 3
 3
 1
 4
 3
 1
 1
 3
 1
 1
 1
 3
 3
 1
 1
 4
 1
 3
 3
 1
 1
 1
 1
 1
 1
 3
 1
 1
 3
 1
 1
 1
 1
 1
 1
 1
 3
 3
 3
 1
 1
 1
 1
 3
 1
 1
 3
 1
 3
 1
 1
 1
 3
 3
 1
 1
 3
 1
 1
 1
 3
 3
 1
 4
 3
 3
 1
 1
 1
 3
 3
 3
 3
 4
 3
 3
 1
 1
 4
 4
 1
 1
 1
 1
 2
 1
 1
 1
 1
 1
 2
 1
 3
 1
 4
 1
 1
 3
 1
 2
 1
 1
 4
 1
 1
 3
 1
 1
 1
 1
 1
 1
 1
 1
 3
 1
 1
 3
 3
 4
 1
 1
 4
 1
 1
 1
 1
 1
 1
 1
 1
 3
 1
 3
 1
 3
 3
 3
 1
 1
 3
 1
 1
 1
 4
 1
 3
 3
 3
 1
 1
 3
 1
 1
 3
 1
 1
 3
 1
 1
